index,step,action,start_ns,end_ns,returncode,orig_returncode,frozen_during,command
0,1,1,473513092578203,473517984861766,0,0,True,ls -la
