call_index,step,action,pid,start_ticks,comm,cmdline,anon_pages
0,0,0,1733633,75328246,sleep,sleep 2h,25
1,1,1,1733633,75328246,sleep,sleep 2h,25
2,2,1,1733633,75328246,sleep,sleep 2h,25
3,3,1,1733633,75328246,sleep,sleep 2h,25
4,4,1,1733633,75328246,sleep,sleep 2h,25
5,5,1,1733633,75328246,sleep,sleep 2h,25
6,6,1,1733633,75328246,sleep,sleep 2h,25
7,7,1,1733633,75328246,sleep,sleep 2h,25
8,8,1,1733633,75328246,sleep,sleep 2h,25
9,9,1,1733633,75328246,sleep,sleep 2h,25
10,10,1,1733633,75328246,sleep,sleep 2h,25
11,11,1,1733633,75328246,sleep,sleep 2h,25
12,12,1,1733633,75328246,sleep,sleep 2h,25
13,13,1,1733633,75328246,sleep,sleep 2h,25
14,14,1,1733633,75328246,sleep,sleep 2h,25
15,15,1,1733633,75328246,sleep,sleep 2h,25
16,16,1,1733633,75328246,sleep,sleep 2h,25
17,17,1,1733633,75328246,sleep,sleep 2h,25
18,19,1,1733633,75328246,sleep,sleep 2h,25
19,21,1,1733633,75328246,sleep,sleep 2h,25
